[0.9800000000000001, 0.2200000000000013],
[0.9762665682588183, 0.2321038209280369],
[0.9713134431351574, 0.2432790191313332],
[0.9668587789140073, 0.2551346198635437],
[0.9623842854396714, 0.26715064246395753],
[0.9583549140733684, 0.2796844698453984],
[0.9533713708073085, 0.29161227085188735],
[0.9502510026467903, 0.3049301643021986],
[0.9478700143648373, 0.3186016078198579],
[0.9394253359578361, 0.322632072046947],
[0.9343930749112659, 0.3351919352746992],
[0.929242585261811, 0.34784617387883043],
[0.9247157375170068, 0.36108257679081246],
[0.917898639429301, 0.37199709554158367],
[0.9091100685148386, 0.3753744393806504],
[0.9002732239388089, 0.3788461668653525],
[0.8955112490734193, 0.3922094601644498],
[0.8898873669614443, 0.40498968844941696],
[0.8848328535461711, 0.41824533096184313],
[0.8757829671211782, 0.42189419428643227],
[0.8702786560438347, 0.43498554922142324],
[0.8634208400925045, 0.44684975037342406],
[0.8557255890962814, 0.4576158056553163],
[0.84753580474736, 0.4676101324302877],
[0.8407245253599108, 0.4798940370091414],
[0.8337998702900954, 0.49215613673014186],
[0.8274323933562134, 0.505008972594761],
[0.8221036122444536, 0.5185210809563945],
[0.8150457521533807, 0.5308812788259663],
[0.810588935118068, 0.5446551949911168],
[0.8062152948988549, 0.5583955088217428],
[0.7983330291627708, 0.5700437994448836],
[0.7903435158917336, 0.5816880465750686],
[0.7833083053392148, 0.5943152976725661],
[0.7768051965918203, 0.6072947525853677],
[0.7695681064777764, 0.619833908563767],
[0.7621977463343432, 0.6323093871633285],
[0.7555724118111895, 0.6452202139571971],
[0.7480651566243283, 0.6576338138436553],
[0.7413005353750598, 0.6704432024867296],
[0.7352411350952872, 0.6834479317033338],
[0.729560169939198, 0.6964640535307243],
[0.7184772088492737, 0.7019329842903204],
[0.707228507883688, 0.707562085589666],
[0.7012380847141272, 0.7204985812649821],
[0.6897074851611588, 0.7263310001350087],
[0.6836850122702712, 0.7391840947495633],
[0.6718447638823498, 0.7450114165416772],
[0.6657986124702591, 0.7577609870296815],
[0.6537954861273048, 0.765143201859831],
[0.6413988648265323, 0.7713568327192011],
[0.6287417967144846, 0.7776457782681506],
[0.615798992668278, 0.7839610038342226],
[0.6079535958583618, 0.796373573679587],
[0.594610597696727, 0.8034858333389105],
[0.5885515861637217, 0.815820041323822],
[0.5746780167468708, 0.8224719640198663],
[0.5622232291447752, 0.8328057842576679],
[0.5493740165520121, 0.8429809285407626],
[0.5350942743977669, 0.8517789560809801],
[0.5199929938301003, 0.8598430406171901],
[0.5064671812623919, 0.8702325216985043],
[0.49040808148647247, 0.8783362841651604],
[0.47334492157966185, 0.8856591123651361],
[0.4731845624981405, 0.8953722418069353],
[0.4573709913247227, 0.9047687137302955],
[0.44067552320297926, 0.9138774377588202],
[0.4368027225052887, 0.9240064824122509],
[0.42542571221785014, 0.9343433718131706],
[0.4229138449002841, 0.9438851907082323],
[0.41946653283872926, 0.9534441699191984],
[0.40789098342267505, 0.9629034245630945],
[0.4031478616232554, 0.9722262892001559],
[0.3992948513469047, 0.981327571166962],
[0.39564611783110126, 0.990276849160437],
[0.3929300457645101, 0.9990553598350113],
[0.39113829644594456, 1.0076942692841375],
[0.38891614480442804, 1.016273253642881],
[0.36949247024441273, 1.0185873655168705],
[0.389506421241725, 1.0203373091399386],
[0.3725794784809925, 1.0252403851599456],
[0.3872862222385133, 1.0306438867514789],
[0.3752880363713459, 1.0374580237137914],
[0.36214021425989507, 1.0435816979081582],
[0.3811414535996825, 1.0466740263434113],
[0.37619675647959766, 1.0546384937021702],
[0.37116836266026104, 1.0624433386500334],
[0.38869760271838205, 1.0660901083437433],
[0.3871841506641027, 1.0743568387007076],
[0.40344496173155975, 1.0781695993011544],
[0.4046512613293912, 1.0866545407415908],
[0.39266995216837336, 1.0802529062108017],
[0.4040211651704236, 1.074726966555068],
[0.3873516642735285, 1.0741487493385389],
[0.40361241600491443, 1.0779544411237292],
[0.4048015646624442, 1.0864399459584078],
[0.39282413271463673, 1.0800409457662787],
[0.40418351983233947, 1.0745117791816445],
[0.3875130252698215, 1.0739422679188977],
[0.4037739312113403, 1.0777409905044029],
[0.4049462588976008, 1.08622704148984],
[0.3929724640000554, 1.079830659215833],
[0.408776202560317, 1.0837456792192115],
[0.3969562156376734, 1.0773707058951265],
[0.41267132813703755, 1.0811935700095607],
[0.40101022256875607, 1.0748364673337505],
[0.38423195783934777, 1.0741961056853968],
[0.4006378841588342, 1.0780281218297891],
[0.3839522107231451, 1.0772979815039498],
[0.400252338150183, 1.0812190019634071],
[0.3879393909742347, 1.074913130483511],
[0.40414443533390426, 1.0787353710693273],
[0.40534869597312784, 1.0872246829520316],
[0.39341305342729455, 1.080812633480958],
[0.40470973844062297, 1.0752707163481383],
[0.38808323869242073, 1.0746919410942084],
[0.4042897983809917, 1.0785069851193796],
[0.4054773233716064, 1.0869967287555813],
[0.39354421361175534, 1.080587547190844],
[0.40485046924482837, 1.0750429245000197],
[0.3882217791597479, 1.0744727179881752],
[0.4044300147687925, 1.0782806647990468],
[0.40560110887826506, 1.086770827185835],
[0.3936703382152093, 1.0803644915107418],
[0.40498616657980846, 1.0748172550696742],
[0.38835517915249024, 1.0742554650593432],
[0.4045652443606707, 1.0780564120672895],
[0.40572020483184956, 1.0865469804689925],
[0.3937915864399374, 1.0801434688650036],
[0.4051169866499952, 1.0745937076309746],
[0.38848359989082915, 1.0740401853381996],
[0.4046956415333165, 1.0778342280699154],
[0.4058347583155972, 1.0863251899919715],
[0.39390811190420066, 1.079924480808265],
[0.4096682004525187, 1.0838348703481446],
[0.39789518251127826, 1.0774550179226945],
[0.39683379932475626, 1.0858010509846678],
[0.40774947902426495, 1.0801848965069798],
[0.39581765300315674, 1.0738646817790538],
[0.39460256776207564, 1.0821910574637659],
[0.40578498324691537, 1.0766235190736837],
[0.4068225535665969, 1.0851188227080326],
[0.394925576125358, 1.0787319257864016],
[0.4106825151875223, 1.0826040098790999],
[0.39894161640643205, 1.076236843554777],
[0.3977758832841258, 1.084586120623446],
[0.40873611609377275, 1.0789518064637162],
[0.4097666924136591, 1.0874652537167193],
[0.3980573442841759, 1.0810349365933163],
[0.4092109064204296, 1.0753958731089652],
[0.41005660681522654, 1.0839088460292725],
[0.39830452938796107, 1.0775263644891966],
[0.39723465884269826, 1.0858748200793902],
[0.4081359916338586, 1.0802504725245834],
[0.3962255271764791, 1.0739275905644639],
[0.3950019143335349, 1.0822564645338388],
[0.40616953840405223, 1.0766805560490498],
[0.40719454962388424, 1.08517798247416],
[0.39531759292329266, 1.0787888940396582],
[0.4110556591445186, 1.0826596575624285],
[0.39933466502235737, 1.0762900765361236],
[0.3981602680997511, 1.0846416999270783],
[0.40910742770907493, 1.078999548757625],
[0.41012576008980395, 1.087515008151802],
[0.39843507234062064, 1.0810827111049397],
[0.4095755008705018, 1.0754358613217962],
[0.41040930318970775, 1.08395089916431],
[0.39867579651321455, 1.0775663694418616],
[0.3975968168301125, 1.0859169700273823],
[0.40848660991536523, 1.080285260956951],
[0.3965950745508128, 1.0739603028590428],
[0.3953622798408898, 1.0822913919556572],
[0.40651799501773894, 1.0767079599450833],
[0.40753051989477995, 1.0852072872364675],
[0.39567119953614927, 1.0788165528581577],
[0.4113930870252062, 1.0826855286655845],
[0.3996896737341016, 1.0763140909357152],
[0.3985060708998222, 1.0846677882032032],
[0.40944284355248356, 1.0790186165965716],
[0.4104490599209441, 1.0875358724430082],
[0.3987747566065911, 1.0811021110431525],
[0.40990473503306213, 1.0754482719965177],
[0.410726713244565, 1.0839651613965242],
[0.3990095147038597, 1.0775791042732359],
[0.39792102532556, 1.0859315856824114],
[0.4088018123401693, 1.0802933202279994],
[0.39692688524027503, 1.0739668159267461],
[0.39568448143791807, 1.0822998502445842],
[0.40683089063539946, 1.0767097148271976],
[0.40783116125712165, 1.085210729003536],
[0.39598721411168913, 1.0788188345292191],
[0.41169542833163025, 1.0826856495042603],
[0.4000073847834343, 1.076312854276004],
[0.38324098839636445, 1.075614049676928],
[0.3996391352252083, 1.0794943487768167],
[0.39864239301203336, 1.087854510158942],
[0.4093979319638692, 1.082199862886017],
[0.39758473414682044, 1.0758439154541817],
[0.39643670255147617, 1.0841846631059833],
[0.4074546668226987, 1.078577950631879],
[0.4085182131503668, 1.0870842431914522],
[0.3967402229326006, 1.08066363352617],
[0.4079516410760043, 1.0750518667518028],
[0.4088289402605396, 1.0835575683800558],
[0.39700857292101455, 1.0771850163210341],
[0.41272764505170184, 1.0810027357936844],
[0.40106654370990497, 1.0746479399737137],
[0.3842840928942832, 1.0740136112238365],
[0.4006945636406868, 1.0778400519042277],
[0.38400472272960556, 1.0771158635345486],
[0.4003093706183563, 1.0810313816733685],
[0.38799592553846896, 1.0747282084877041],
[0.40420518966483043, 1.0785449238598608],
[0.4053979745427976, 1.0870342847211336],
[0.3934614876883594, 1.080624815674189],
[0.40476790105426114, 1.0750819346776508],
[0.3881374384544138, 1.0745091253567167],
[0.40434824052824336, 1.0783187203224238],
[0.4055244775873019, 1.086808511409242],
[0.39359046513796603, 1.0804018817469985],
[0.4049063719986849, 1.07485632938324],
[0.38827371228782487, 1.0742919910609383],
[0.4044862110631208, 1.0780945636337138],
[0.40564620128766204, 1.0865847718933266],
[0.39371447174631913, 1.0801809600607348],
[0.40503987447500345, 1.0746328272364716],
[0.38840491205099437, 1.0740768095714581],
[0.4046192592419639, 1.077872455852752],
[0.4057632961444324, 1.0863630684886156],
[0.39383366470413417, 1.0799620530762961],
[0.40959567124095814, 1.083873971596509],
[0.39781959067257666, 1.0774938747204423],
[0.3967628624639582, 1.0858395785838109],
[0.40767815836995847, 1.0802248261179976],
[0.39574324673545086, 1.0739043580860437],
[0.39453290188914697, 1.0822303884177773],
[0.40571494095301436, 1.076664286270758],
[0.4067572542684854, 1.0851592587719754],
[0.3948576256939779, 1.0787720213479253],
[0.4106161373103748, 1.0826456306919356],
[0.39887250481080205, 1.0762781833670665],
[0.3977113161582035, 1.084627152355972],
[0.4086709060265342, 1.0789941239687955],
[0.40970597193329433, 1.0875072704468791],
[0.3979942840219597, 1.0810765949816783],
[0.40914722623267835, 1.0754388360288787],
[0.4099973926044207, 1.083951483319415],
[0.39824298924690665, 1.0775686579731352],
[0.397177521234456, 1.0859168674737911],
[0.408077924016858, 1.0802936369774514],
[0.39616512529228254, 1.0739704009432633],
[0.39494600034382604, 1.0822990151101688],
[0.40611268561447844, 1.0767242521094005],
[0.4071420391619993, 1.0852214193791219],
[0.395263137424497, 1.0788319058748468],
[0.4110020931953387, 1.0827041677876181],
[0.39927906562561766, 1.0763342138463188],
[0.39810895470864427, 1.0846856095590036],
[0.4090549706470132, 1.079044471924898],
[0.41007740204464915, 1.0875596988269047],
[0.39838503303032313, 1.0811269663063403],
[0.40952433927823995, 1.0754811512783038],
[0.4103622301962899, 1.0839959333245104],
[0.39862705237245377, 1.077610980344037],
[0.3975522004465193, 1.0859614086203415],
[0.4084406168189917, 1.0803305604559852],
[0.3965474146094277, 1.0740051677195952],
[0.39531883182187355, 1.0823360730733602],
[0.40647314782836075, 1.0767535250395506],
[0.40748961621529, 1.0852526578155806],
[0.39562897508176004, 1.0788614324072505],
[0.41135116276571154, 1.082731863297505],
[0.39964633659748783, 1.0763599797607029],
[0.39846674163407564, 1.0847135206686236],
[0.40940196452551236, 1.079065118382843],
[0.410411892825785, 1.0875822029200635],
[0.3987364890634967, 1.0811479464693372],
[0.4098649371968365, 1.075494899649899],
[0.4106906281106141, 1.0840115960942154],
[0.3989723361003055, 1.0776250539653924],
[0.39788768479077435, 1.0859774281087335],
[0.4087667372646702, 1.0803397948390758],
[0.39689073178698747, 1.074012793317838],
[0.39565224810830346, 1.0823457110540604],
[0.4067968889086309, 1.0767562259812942],
[0.4078007109237825, 1.0852571033043643],
[0.39595599040412577, 1.0788646683059053],
[0.41166400151600635, 1.0827328817623618],
[0.3999750907699687, 1.0763595847523346],
[0.39878566592802667, 1.0847150032677697],
[0.40971259752427097, 1.0790601510321924],
[0.41071030397773545, 1.0875788790879348],
[0.39904963767123874, 1.0811435724268008],
[0.41016972864655604, 1.0754840911050396],
[0.4109834492525544, 1.0840024890554296],
[0.3992798276039908, 1.0776148370672076],
[0.3981851580018936, 1.085968899209024],
[0.4090571967087955, 1.0803252792342497],
[0.3971961170097333, 1.0739971566458204],
[0.3959474911001532, 1.0823318229427867],
[0.40708487211511485, 1.0767362144651893],
[0.408076421150015, 1.0852386250499755],
[0.396245417597667, 1.078845424397456],
[0.41194164531112676, 1.0827111209067894],
[0.4002664920945154, 1.0763368687736186],
[0.3835105901259367, 1.075642671209442],
[0.3998949133456295, 1.079521440806339],
[0.3988917765641339, 1.0878830456452344],
[0.40963970241972586, 1.0822234091971108],
[0.3978393235257437, 1.0758660830439626],
[0.39668484918043345, 1.084208322375328],
[0.40769494829921543, 1.0785965099012633],
[0.4087498833020214, 1.0871040883292744],
[0.39698383741005505, 1.080682385417465],
[0.4081873570505236, 1.0750655491633934],
[0.40905626707224874, 1.0835725743189912],
[0.3972477763420069, 1.077198884980086],
[0.3961913795656586, 1.0855407608589138],
[0.40713826276010684, 1.0799379228721455],
[0.408277165346649, 1.088444156293261],
[0.39650979183426, 1.0820054606393348],
[0.40765057039571134, 1.0763983041526342],
[0.40860395554448353, 1.0849034659593069],
[0.3967942134044442, 1.078512964612323],
[0.4124780407373261, 1.0823663353974362],
[0.40082482953383014, 1.0759942986444548],
[0.3840783162657611, 1.0753201851312642],
[0.400448300474257, 1.0791850634554598],
[0.38379411159391924, 1.0784216366041168],
[0.400058660809659, 1.0823750564791441],
[0.38775742905529786, 1.07605200559794],
[0.4039287859652356, 1.0799069018685483],
[0.4051968036525977, 1.088396814677992],
[0.39327415724794684, 1.08196840438314],
[0.40450643866788283, 1.076428870049581],
[0.40558594880960613, 1.0849171282349974],
[0.39362199982914875, 1.0785375243232211],
[0.4094422278232218, 1.0824139987095012],
[0.3976347594173748, 1.0760548694352519],
[0.39649788938685165, 1.0843963545108273],
[0.40750216038315756, 1.0787882368395536],
[0.4085735939378183, 1.0872950114173907],
[0.39680187827404906, 1.0808712768587498],
[0.40799965361158214, 1.0752582257017191],
[0.40888503512961, 1.0837643526313554],
[0.39707091882383694, 1.077388678320991],
[0.41278046930640405, 1.0812112446066142],
[0.401125195838059, 1.0748533766027546],
[0.3843518234821428, 1.074214862867304],
[0.40075133601460916, 1.0780464150950262],
[0.3840704389457612, 1.077318107123579],
[0.40036431730459887, 1.0812386458238052],
[0.38805779606696056, 1.0749320850753945],
[0.40425666291020257, 1.0787539292310944],
[0.405457188333616, 1.0872438406890623],
[0.39352739577713014, 1.080831175516064],
[0.40481973361243034, 1.0752868311583288],
[0.40583121929472843, 1.0837755169621255],
[0.39386009777186665, 1.07741151611458],
[0.4097088130856652, 1.0812567897201777],
[0.39789652642064083, 1.0749126398072566],
[0.39668275014876037, 1.0832532259328882],
[0.40774741145515003, 1.0776420177470296],
[0.40875575077232496, 1.0861488830269075],
[0.3969742276173139, 1.0797404343295842],
[0.41260939522849954, 1.08362395469548],
[0.400981916721909, 1.0772343716667414],
[0.3842825401801579, 1.0765314887078197],
[0.4005965819855031, 1.080428390032167],
[0.38828722876771615, 1.0741335002669732],
[0.4045049524713526, 1.0779316007439954],
[0.4056564505344123, 1.0864216947765162],
[0.39372239212689675, 1.0800201904246718],
[0.40505706437945616, 1.0744719179548823],
[0.38841754240390725, 1.0739203659807577],
[0.4046370756746126, 1.0777116014026984],
[0.4057727458987026, 1.0862021029496638],
[0.39384078954841545, 1.0798033657042174],
[0.40960793624268615, 1.0837111254502436],
[0.39782985444543406, 1.07733323892661],
[0.3967632863470329, 1.0856786362956967],
[0.40768770760292156, 1.080064029861717],
[0.39575063484966644, 1.073745820564618],
[0.39453020584355475, 1.0820715531847953],
[0.40572159217569026, 1.0765055876386227],
[0.4067560382050686, 1.0850004251921126],
[0.39485363486241326, 1.0786154561268742],
[0.4106176585693728, 1.0824850367168282],
[0.3988715738327999, 1.0761197952036867],
[0.3977009865109066, 1.0844684341015125],
[0.40866980408515036, 1.0788357166509832],
[0.40969761774038105, 1.087348694526556],
[0.3979829365487244, 1.0809202263767588],
[0.40914506678097384, 1.075282691311555],
[0.40998786308186114, 1.0837952185179358],
[0.39823047381762505, 1.0774145926593108],
[0.3971562944831532, 1.0857623898595166],
[0.4080659717717043, 1.0801397332856393],
[0.39615001617279727, 1.0738187439815516],
[0.39492195361308546, 1.082146950105314],
[0.4060981441198439, 1.076572761419926],
[0.4071208364127718, 1.0850696918163423],
[0.395238277993939, 1.0786824094383043],
[0.41098338440334153, 1.0825509833719769],
[0.39925700717367724, 1.0761832139612915],
[0.398078600811114, 1.0845341793422554],
[0.4090339196068874, 1.0788937494579143],
[0.41005024322256584, 1.0874087138873143],
[0.3983540866780993, 1.0809781448549776],
[0.40950266296849697, 1.0753329537503853],
[0.4103343170914007, 1.0838475157194076],
[0.3985953632833082, 1.0774647227950167],
[0.3975128758436295, 1.0858146545026535],
[0.408410558502335, 1.0801847335160675],
[0.39651340198446905, 1.073861546543115],
[0.39527697582277355, 1.0821919556324753],
[0.40644079329025, 1.076610343616519],
[0.40745171330902125, 1.0851091559895376],
[0.39558672035365217, 1.0787200996453128],
[0.41131551118858994, 1.0825871826279236],
[0.39960662282133397, 1.0762174357484042],
[0.398419781488694, 1.0845704668598235],
[0.4093642372962162, 1.0789230980145361],
[0.41036911156753475, 1.0874398436492394],
[0.39868930045001244, 1.081007684040698],
[0.4098269553083044, 1.0753555909328858],
[0.4106474558428912, 1.083871985055683],
[0.398924770900795, 1.0774875401173816],
[0.39783350136417595, 1.085839352543147],
[0.4087216812393237, 1.0802029327312388],
[0.396841100376155, 1.0738780722350494],
[0.39559580916515635, 1.0822104251406486],
[0.4067498132311572, 1.076622169534002],
[0.4077491071713094, 1.0851226594423677],
[0.3958995055164564, 1.078732311396122],
[0.41161441066196375, 1.0825975120153388],
[0.3999208893497076, 1.0762262820356752],
[0.3987252079554971, 1.0845811297372792],
[0.4096611825645709, 1.078927572852456],
[0.41065479892067347, 1.0874459012222302],
[0.39898925978612754, 1.0810126063732601],
[0.4101183738281767, 1.0753543454395897],
[0.41092786395444286, 1.0838723748174108],
[0.3992193858061222, 1.0774867382101534],
[0.398119052844333, 1.0858401904083097],
[0.40899997282884293, 1.0801980103014148],
[0.3971338530387276, 1.0738719447890452],
[0.3958793929107279, 1.0822059951179503],
[0.40702588848668225, 1.0766118484834866],
[0.40801383880239994, 1.0851138194455994],
[0.3961775708341515, 1.0787226077014773],
[0.4118808439653981, 1.0825856179638584],
[0.40020067700094686, 1.0762133457445417],
[0.3834381706443208, 1.0755210169357992],
[0.3998306057745304, 1.0793969996417567],
[0.3988223258345806, 1.0877579783803017],
[0.4095788685788096, 1.082099861127211],
[0.3977733772742912, 1.0757445228204265],
[0.3966135985552205, 1.0840861295780724],
[0.4076325383515973, 1.0784758584153749],
[0.40868432510456915, 1.08698297755568],
[0.39691298921188284, 1.0805631888342302],
[0.4081253268343879, 1.0749478219347897],
[0.40899094656057167, 1.083454413936875],
[0.3971771884818816, 1.0770826439792058],
[0.3961160652948839, 1.0854238628935873],
[0.40707155660971067, 1.0798226746357915],
[0.4082078324112713, 1.088328422979585],
[0.3964350672502768, 1.0818915647620073],
[0.40758443198228633, 1.076285987423023],
[0.40853504495350446, 1.0847906877659235],
[0.39671993832410085, 1.0784020300089001],
[0.4124106699836469, 1.0822530580422867],
[0.4007523211983509, 1.0758828642706786],
[0.38399937560693637, 1.075210180253935],
[0.400377307945268, 1.0790726461094546],
[0.3837167977480268, 1.0783106213964893],
[0.3999891388241773, 1.08226168129019],
[0.411021257389847, 1.0765830980573163],
[0.4118547838715255, 1.0851069480134754],
[0.4002122151233457, 1.078700630260815],
[0.3835332944702169, 1.077944691413716],
[0.39982808876914, 1.0818873077168163],
[0.41088537426537636, 1.0762119845622664],
[0.41170661897478616, 1.0847348411276774],
[0.4000508558346355, 1.078334175225022],
[0.3833537901908832, 1.0775842879131068],
[0.3996707169522855, 1.0815185412941213],
[0.4107528358666503, 1.0758463915965724],
[0.41156185123014644, 1.0843682813501339],
[0.3998931191397384, 1.0779731961176493],
[0.398800659564227, 1.086331430501074],
[0.4096370318896911, 1.0806751396625],
[0.397811738547401, 1.0743394454889506],
[0.3965656445858994, 1.082678387919678],
[0.4076663316300637, 1.0770698502401554],
[0.40865091967226275, 1.08557572097801],
[0.3968546471319692, 1.079175649028318],
[0.41251373533358043, 1.0830455853068983],
[0.40087264570295805, 1.0766642191984919],
[0.38415025692524546, 1.0759737815467667],
[0.4004917992886653, 1.0798563066035072],
[0.4019027887042064, 1.0883292081683895],
[0.38981136653748955, 1.0819108531033743],
[0.40114446484920885, 1.076445009843692],
[0.38442487138590437, 1.0757656739078292],
[0.40076151023887374, 1.0796400570407496],
[0.4021506611463639, 1.0881138859393715],
[0.3900679103899835, 1.0816980775368514],
[0.4014066733609291, 1.0762269263660602],
[0.3846895705062377, 1.0755584573991155],
[0.4010217170670184, 1.0794248292175446],
[0.4023895188531831, 1.0878995581858266],
[0.3903150187850742, 1.0814862850004896],
[0.4016596118730453, 1.0760100134062256],
[0.384944708636746, 1.07535218390391],
[0.4012727561747832, 1.0792106712416605],
[0.40261968154646377, 1.087686273679747],
[0.3905530278434728, 1.081275524356184],
[0.40190360667356334, 1.075794312769102],
[0.38519062500504614, 1.0751469021526634],
[0.4015149496195703, 1.078997628193218],
[0.4028414556908607, 1.087474078179942],
[0.3907822598816917, 1.0810658414728342],
[0.40213897071905313, 1.0755798635938199],
[0.38542764493623255, 1.0749426578543946],
[0.4017486065047437, 1.0787857424614122],
[0.40305513516928076, 1.0872630146900786],
[0.39100302386510205, 1.0808572794260851],
[0.4023660039814, 1.0753667025351215],
[0.38565608036306814, 1.0747394939912935],
[0.40197402306707997, 1.078575053793546],
[0.40326100189493763, 1.087053123575915],
[0.3912156160160504, 1.0806498785686478],
[0.40258499403961767, 1.075154863800975],
[0.3858762300209719, 1.0745374507425804],
[0.4021914833117281, 1.078365599268393],
[0.4034593264477184, 1.0868444425564021],
[0.3914203207460794, 1.0804436766691816],
[0.40279621732506804, 1.074944379317628],
[0.38608838123702427, 1.0743365658837483],
[0.402401260416645, 1.078157413810971],
[0.4036503688226124, 1.086637007129063],
[0.39161741125433636, 1.0802387092089645],
[0.402999939225579, 1.0747352789763784],
[0.3862928096699758, 1.0741368747744058],
[0.402603616518694, 1.0779505299974692],
[0.4038343787706755, 1.0864308504558047],
[0.39180714975904185, 1.0800350093131732],
[0.4031964146023467, 1.0745275905608977],
[0.38648977995068906, 1.0739384104999241],
[0.40279880336539575, 1.0777449783301993],
[0.4040115964016293, 1.0862260036488955],
[0.39198978864963036, 1.0798326080843446],
[0.4078361333718051, 1.0837552436809959],
[0.39596811860495346, 1.0773838795479949],
[0.41172563652388916, 1.0812137317197563],
[0.4000164872402213, 1.0748608675211937],
[0.38320151864635654, 1.0742000155468048],
[0.39965638937502684, 1.0780407748040923],
[0.3985750810269449, 1.0863978381241506],
[0.4094133734052286, 1.0807460112251308],
[0.39757760053432745, 1.074410346758358],
[0.3963428413200771, 1.0827480684141413],
[0.40744555514699915, 1.0771441029106714],
[0.4084422826594691, 1.085648856225604],
[0.3966366585502379, 1.0792485417637376],
[0.4123026170627062, 1.083121854073671],
[0.40065202624591717, 1.0767404118085737],
[0.38392398542466843, 1.0760435720310162],
[0.40027345420051413, 1.0799299869234498],
[0.40169735951511915, 1.08840196567081],
[0.389596776997794, 1.0819830530298493],
[0.4009315609148141, 1.0765217463431587],
[0.3842066142004784, 1.0758361613993916],
[0.4005507850792988, 1.0797143673594347],
[0.40195251895209355, 1.0881873014638366],
[0.389860984093519, 1.0817709215688291],
[0.4012012005482372, 1.0763041459778402],
[0.38447903060292066, 1.0756295757480427],
[0.4008183312363896, 1.0794997057747293],
[0.40219839593799567, 1.0879735671568844],
[0.3901154731983935, 1.0815597090172115],
[0.40146129825477683, 1.0760876583403156],
[0.3847416019651548, 1.0754238701761634],
[0.40107644140572213, 1.0792860533544617],
[0.4024353218852595, 1.0877608146203874],
[0.390360592683373, 1.081349467295744],
[0.4017121920557289, 1.075872328000221],
[0.3849946799521765, 1.0752190964203225],
[0.40132544939178305, 1.079073458151747],
[0.4026636142936245, 1.0875490926138986],
[0.390596676648225, 1.0811402453247199],
[0.40195420618864813, 1.0756581968333525],
[0.38523860160193835, 1.0750153031863052],
[0.4015656751295147, 1.0788619652664042],
[0.4028835773868796, 1.0873384468810545],
[0.3908240449440105, 1.080932088870867],
[0.4021876510301, 1.0754453039349967],
[0.3854736897829727, 1.0748125361022347],
[0.4017974253672682, 1.078651617068759],
[0.4030955029485893, 1.0871289204229413],
[0.3910430044518449, 1.0807250410159164],
[0.4024128245567771, 1.0752336859960625],
[0.3857002541332998, 1.0746108380508157],
[0.4020209941851459, 1.0784424532304748],
[0.40329967111907405, 1.0869205535768474],
[0.39125384942383185, 1.0805191420325055],
[0.4026300125141209, 1.0750233771931974],
[0.3859185917399836, 1.07441024925207],
[0.4022366638300824, 1.0782345109632032],
[0.40349635043705473, 1.0867133841401715],
[0.39145686228809395, 1.080314429781886],
[0.40283948914638557, 1.074814409566061],
[0.38612898753590613, 1.074210807393364],
[0.402444705374522, 1.0780278251388764],
[0.40368579923602343, 1.086507447607971],
[0.3916523144184849, 1.0801109397170097],
[0.4030415181339671, 1.0746068130160256],
[0.38633171539794386, 1.0740125478652627],
[0.4026453791823432, 1.077822428429135],
[0.4038682655596948, 1.086302777237994],
[0.3918404663514335, 1.0799087050285932],
[0.4076906499661117, 1.0838344933693795],
[0.39581648530715186, 1.0774625770821098],
[0.4115779298479691, 1.0812955071165775],
[0.39986246847744705, 1.0749422207533958],
[0.3985921914773483, 1.0832942953591918],
[0.4096037728068626, 1.0776439846807144],
[0.41054034872276723, 1.0861608502622924],
[0.3988486096980535, 1.0797454985765216],
[0.4144043904454552, 1.083616357357325],
[0.40286671381375455, 1.0772187134133935],
[0.4040513904018755, 1.0856993550263287],
[0.3920221582893767, 1.0793135331170929],
[0.4078852529510236, 1.083222335456955],
[0.39601088727944056, 1.0768583191401893],
[0.4117843463736661, 1.0806742190801113],
[0.4000699442621454, 1.07432844603203],
[0.3832390180875331, 1.0736826045250023],
[0.3997122272196196, 1.0775083661849598],
[0.3985981615144615, 1.0858646179282143],
[0.4094656369276694, 1.0802127733239237],
[0.39762404199956375, 1.0738843495378736],
[0.3963557082971535, 1.0822212953798869],
[0.40748830867561486, 1.0766172653972637],
[0.408458420027305, 1.0851217458086146],
[0.3966448879972733, 1.0787287457570223],
[0.41232789484898436, 1.0825886799783284],
[0.4006704527691428, 1.0762143292775945],
[0.3839255288694415, 1.075531429566776],
[0.40029459226807557, 1.0794035216397502],
[0.3836420543713201, 1.0786314196676596],
[0.39990559228239003, 1.0825919760945732],
[0.41092157559095477, 1.0769150845780717],
[0.4117743084810291, 1.085438603764808],
[0.40013286372195067, 1.0790281392459111],
[0.3834619434374335, 1.0782622521585208],
[0.39974787825192243, 1.0822142726103396],
[0.41078910083808456, 1.0765405957351313],
[0.411629334474827, 1.08506312892303],
[0.3999748001066278, 1.078658340296918],
[0.39891954580637073, 1.0870184859309417],
[0.40971476831492565, 1.0813591957856998],
[0.3979044251678222, 1.0750135896841908],
[0.3966965293554716, 1.083354426883503],
[0.40775504221628567, 1.077742884147779],
[0.40876781036902726, 1.0862498912332956],
[0.3969885606399692, 1.0798399928534785],
[0.4126198059897322, 1.0837259483316624],
[0.4009944012033669, 1.0773349476925829],
[0.38429882592141884, 1.0766297393493223],
[0.4006083600690252, 1.0805292263594288],
[0.3883015570399714, 1.074232739721281],
[0.40451495050586517, 1.0780334676621048],
[0.40567087321454703, 1.0865237454068752],
[0.3937393342809297, 1.0801207287832209],
[0.4050675796954183, 1.0745720798035703],
[0.3884316770658006, 1.0740181578014414],
[0.40464694425969683, 1.0778119846355987],
[0.4057869839836702, 1.086302664567122],
[0.3938575076853194, 1.07990243711426],
[0.4096205328514345, 1.0838126352168747],
[0.3978447292401356, 1.077433287544872],
[0.39678362911400283, 1.0857789929272121],
[0.40770183575485347, 1.080163877735922],
[0.3957671587706424, 1.0738441763163313],
[0.3945523422496441, 1.0821702155621284],
[0.4057373579241471, 1.0766037378291229],
[0.40677587874130444, 1.0850987650604274],
[0.3948761703368896, 1.0787123225237822],
[0.4106359150299965, 1.0825842524390807],
[0.3988923255594406, 1.0762175635070845],
[0.39772693251252694, 1.0845665206759696],
[0.4086895397521019, 1.0789332138968197],
[0.4097210755364756, 1.0874463959847325],
[0.39800915025259975, 1.0810165018403637],
[0.4091650909842439, 1.0753784323293354],
[0.4100116979301718, 1.0838911373452615],
[0.3982570554566158, 1.0775090866883164],
[0.3971876351733298, 1.0858572411637786],
[0.4080911530530335, 1.0802338619440328],
[0.3961780652414689, 1.0739114180686906],
[0.3949548937909399, 1.082239982508455],
[0.40612476744014087, 1.0766650626236172],
[0.4071508149310514, 1.0851622324985224],
[0.39527135763874616, 1.0787735269706193],
[0.41101194081415443, 1.0826442218064491],
[0.39928847753822705, 1.0762750463975566],
[0.3981145757945143, 1.0846263762299053],
[0.40906377755864815, 1.0789851609760823],
[0.41008314339021396, 1.0875003748965506],
[0.3983901020729229, 1.0810684326428954],
[0.4095325778857498, 1.0754225081048923],
[0.41036736666736384, 1.0839372969552936],
[0.39863151712672995, 1.077553129630982],
[0.3975531227838238, 1.0859034556394813],
[0.40844478149411273, 1.080272641498256],
[0.3965508516646702, 1.0739480517421092],
[0.3953186382237482, 1.0822788582514027],
[0.40647627519126817, 1.0766963402274252],
[0.4074898947410417, 1.085195431239186],
[0.39562830345754285, 1.0788050139425123],
[0.4113524286151486, 1.0826739946424069],
[0.3996467678837204, 1.0763028961269803],
[0.39846378469092236, 1.0846563260946276],
[0.40940229001914114, 1.0790080170266103],
[0.410409588418285, 1.087525047392071],
[0.3987331533853506, 1.0810915780654147],
[0.40986487021982343, 1.0754385933362258],
[0.41068788916398286, 1.0839552531282453],
[0.398968568315216, 1.077569495311356],
[0.3978807707640999, 1.0859217283332647],
[0.40876312697059175, 1.080284283331471],
[0.3968860323624245, 1.0739580831177689],
[0.395644320513562, 1.0822908614928959],
[0.40679234720863666, 1.0767015643019624],
[0.40779374723451617, 1.0852023625752587],
[0.3959477551071255, 1.078810724893327],
[0.41165793928121774, 1.0826776073636601],
[0.3999678671819953, 1.0763050902891471],
[0.3987754421807221, 1.0846603609203929],
[0.40970569140218766, 1.0790057454236002],
[0.41070117373257503, 1.0875243848612304],
[0.399039185769235, 1.0810898520598382],
[0.41016258323138965, 1.0754305775255457],
[0.4109740336911503, 1.0839489022001036],
[0.3992690940781698, 1.0775620228252802],
[0.39817165775801105, 1.0859159125402382],
[0.4090470057762669, 1.080272609185301],
[0.39718454480731624, 1.0739452757195385],
[0.39593307675740136, 1.0822797698905786],
[0.40707385115115136, 1.0766844807743252],
[0.40806337402393805, 1.0851867814674676],
[0.39623084293020927, 1.0787943582346124],
[0.4119294135217826, 1.0826588434030295],
[0.40025283696956443, 1.076285356414936],
[0.38349469721800983, 1.0755922157516629],
[0.39988171664241623, 1.0794697080295335],
[0.39887602340276734, 1.0878311258883762],
[0.4096272088140749, 1.0821718602923245],
[0.3978253604508652, 1.075815307049598],
[0.39666825799087596, 1.0841573593399367],
[0.40768169822079964, 1.0785459209511],
[0.4087348056389372, 1.0870533749259979],
[0.39696716561381057, 1.0806324294055047],
[0.4081740148176096, 1.0750159381445015],
[0.4090410488552571, 1.0835228521339948],
[0.3972309699042867, 1.0771499199381809],
[0.39617217907670904, 1.0854915904902298],
[0.4071223616379231, 1.0798891919992817],
[0.40825966333324126, 1.0883952835907738],
[0.3964906003604276, 1.0819573247253507],
[0.4076346668284283, 1.076350578892464],
[0.40858640044427913, 1.084855611112912],
[0.396774976842118, 1.0784658467987944],
[0.41246120718127927, 1.0823181388630483],
[0.40080641083588114, 1.0759468311800546],
[0.38405762425637663, 1.0752735761742143],
[0.4004303736525698, 1.0791373246234188],
[0.3837739469419744, 1.07837474223538],
[0.40004121155769495, 1.082327053475565],
[0.3877381202139839, 1.0760047987628678],
[0.40391210627630186, 1.0798585579029563],
[0.40517856478139447, 1.0883483147616257],
[0.39325413899262296, 1.0819206536758075],
[0.4044897991601529, 1.0763815697813597],
[0.40556769792357583, 1.0848696844202623],
[0.39360198062911533, 1.0784908294688003],
[0.40942469506148227, 1.0823662313783677],
[0.3976155554596879, 1.076007844487479],
[0.3964764469880463, 1.0843491194802983],
[0.40748397568967737, 1.0787414753440967],
[0.40855395870937417, 1.0872481025224388],
[0.39678048083882644, 1.0808250885967778],
[0.40798150391392546, 1.0752124834567551],
[0.4088653847973349, 1.083718474210795],
[0.3970495136851113, 1.0773435213798837],
[0.4127615020537989, 1.0811650640585222],
[0.4011045675819834, 1.0748079112376383],
[0.3843288992626345, 1.0741701707628453],
[0.4007312182070696, 1.0780006539288853],
[0.384048062250838, 1.077273106192833],
[0.40034469499207326, 1.081192596669411],
[0.3880362353957033, 1.0748868137404082],
[0.40423777152412416, 1.0787075804239319],
[0.40543688959019025, 1.0871973313573324],
[0.39350524822006777, 1.080785397629701],
[0.40480092082997293, 1.0752415377058997],
[0.40581094749344526, 1.0837300743455225],
[0.39383798776808726, 1.0773668052780105],
[0.40968922110151573, 1.0812110629450082],
[0.397875190774795, 1.0748676398644963],
[0.3966593265969882, 1.0832080113655063],
[0.40772719754392517, 1.0775973074427256],
[0.4087342306421109, 1.0861040199796825],
[0.39695088253163935, 1.0796962749567185],
[0.4125885122095891, 1.0835788329641434],
[0.4009592972715288, 1.0771899499033],
[0.38425760938379433, 1.0764877500137102],
[0.4005744827750163, 1.0803836519836525],
[0.388263082341506, 1.0740895320322705],
[0.4044835529221293, 1.077886602655753],
[0.40563378652957666, 1.086376527462201],
[0.3936977819417135, 1.079975746332733],
[0.40946517376505587, 1.0838890393122034],
[0.3976826901328207, 1.0775092676170026],
[0.3966311449203012, 1.0858542521126435],
[0.40754895386029455, 1.0802421587425612],
[0.3956075403535596, 1.073922016450143],
[0.39440245095816334, 1.0822473005520166],
[0.4055870950301482, 1.076683917672927],
[0.40663545061750894, 1.0851782277831739],
[0.3947299123006464, 1.0787911574594542],
[0.4104932968749059, 1.0826661799520279],
[0.398743714931591, 1.076298988191336],
[0.3975876585037654, 1.0846472688772464],
[0.40854931468797456, 1.0790167410498268],
[0.40959016781794566, 1.0875292697232442],
[0.3978730726610047, 1.0810987066893942],
[0.40902810994890737, 1.075463452290683],
[0.409883977613559, 1.0839754527218186],
[0.398124195750089, 1.0775927640758522],
[0.39706383755703534, 1.0859403715294882],
[0.4079657887342867, 1.08031942027551],
[0.39604753591111685, 1.0739963184924755],
[0.39483359944294094, 1.0823243066853288],
[0.4060018981341957, 1.076751875782157],
[0.40703697232080727, 1.0852484786161398],
[0.395153164205377, 1.0788589620097446],
[0.41089594659134315, 1.0827327067850758],
[0.39916795673222943, 1.0763628301773396],
[0.3980028847906815, 1.0847136517580835],
[0.40895006132326966, 1.0790746477032314],
[0.40997795554064825, 1.0875893506912486],
[0.39828112483665756, 1.0811565719576655],
[0.40942161980953473, 1.075512900247459],
[0.41026490834167323, 1.0840271300491842],
[0.39852529188416447, 1.0776421523554114],
[0.3974554166589504, 1.0859920860353742],
[0.40834454724577823, 1.0803631648844918],
[0.39644685166556093, 1.0740377424005734],
[0.39522332848849473, 1.0823681320654053],
[0.40637839994222624, 1.0767875569425334],
[0.40740023827368754, 1.0852862159746302],
[0.3955356068684008, 1.0788948432093959],
[0.41126068426813944, 1.0827667958901426],
[0.39955179903706395, 1.0763948375521628],
[0.39837709439173447, 1.0847479088611867],
[0.4093126978759575, 1.0791013005805916],
[0.41032773955082535, 1.0876179479569188],
[0.39864873566125136, 1.0811835112963901],
[0.4097775913271369, 1.075532272821624],
[0.4106083486813016, 1.0840485047990864],
[0.39888647481873507, 1.077661801273223],
[0.39780661902575065, 1.0860137786790551],
[0.4086856713924117, 1.0803777479043564],
[0.3968060478763825, 1.074050577762044],
[0.3955724451693088, 1.0823830803859857],
[0.4067171062270754, 1.07679523713005],
[0.40772592783265105, 1.0852957241865409],
[0.39587804827758455, 1.0789030212013957],
[0.41158811602757633, 1.0827727689861915],
[0.39989596745696443, 1.0763992688702904],
[0.3987112399520761, 1.0847543129152917],
[0.4096378873552855, 1.079100942449876],
[0.4106403412949302, 1.087619313027593],
[0.3989768549791803, 1.081183714599687],
[0.41009668702884866, 1.0755257329728993],
[0.4109151242338379, 1.0840437474135822],
[0.39920869675554127, 1.0776558198723607],
[0.3981186036361771, 1.0860095738768456],
[0.40899003754413554, 1.0803672592899267],
[0.397126132266591, 1.074038852105675],
[0.3958821693353044, 1.082373194473747],
[0.4070189477886896, 1.0767789245341737],
[0.40801511427595577, 1.0852810212310724],
[0.39618170069845315, 1.0788874533537638],
[0.41187924991357855, 1.0827546742708425],
[0.40020160062316396, 1.0763801124235117],
[0.38344472477603914, 1.0756834880358568],
[0.3998305772009086, 1.0795639706184292],
[0.39883187545501897, 1.0879253228979349],
[0.4095789035734055, 1.0822668287361048],
[0.3977760951283254, 1.0759091617006535],
[0.39662614054095785, 1.0842511339477656],
[0.4076353382162337, 1.0786404940976386],
[0.4086946630263279, 1.0871478061859121],
[0.39692657326687114, 1.0807256915066963],
[0.40812921309003597, 1.0751100472906394],
[0.40900249343282613, 1.0836167816928124],
[0.3971919732240743, 1.0772426941549351],
[0.41290117660508924, 1.0810606919855084],
[0.40124980029612545, 1.0747042705307348],
[0.3844761349328406, 1.0740721157560915],
[0.40087522881048165, 1.077898623134521],
[0.384193977139341, 1.0771765949717946],
[0.40048752639952434, 1.0810921389746118],
[0.38818487207344254, 1.074787407741308],
[0.4043832021562285, 1.0786042947765138],
[0.4055714909112552, 1.0870946500633152],
[0.3936448874109159, 1.080683763752222],
[0.40494258885491474, 1.0751369804519664],
[0.4059418504201554, 1.083626180788622],
[0.39397388052718524, 1.0772639251629974],
[0.4098226950271586, 1.0811045136531139],
[0.3980138695299482, 1.074761973319487],
[0.3967874330289699, 1.0831029341362586],
[0.4078578780433926, 1.0774896438710067],
[0.40885474892933743, 1.0859969508252794],
[0.3970757140756838, 1.0795902500429393],
[0.41271156904530915, 1.083469238953025],
[0.4010868823165176, 1.0770812787239723],
[0.38438629811820263, 1.0763844344344466],
[0.4007011158916607, 1.0802763604395196],
[0.3883945556291925, 1.0739834345049941],
[0.4046128302462204, 1.0777765835010693],
[0.40575257502479245, 1.0862670407164583],
[0.3938207213667562, 1.0798674386771279],
[0.409586533585703, 1.083777006700222],
[0.39780842347964257, 1.0773982936113793],
[0.39674637963374665, 1.0857437193742836],
[0.40766753623299695, 1.0801293942418415],
[0.3957304854601518, 1.073810339432528],
[0.3945146859198009, 1.0821360935780004],
[0.40570273203989016, 1.0765704206863114],
[0.4067410370925338, 1.0850652265802219],
[0.39483897223820097, 1.0786793879457657],
[0.41060145007583726, 1.08255073076542],
[0.39885557195180216, 1.0761846555106482],
[0.397689329403873, 1.0845333360900862],
[0.40865478504772057, 1.07890081495431],
[0.4096861838046763, 1.0874137801092247],
[0.3979719908917968, 1.0809844593353484],
[0.40913077840945894, 1.0753471552677862],
[0.4099771951489747, 1.0838596470075317],
[0.39822029495647027, 1.0774781746728974],
[0.39715018778923245, 1.0858260569008897],
[0.40805641862148556, 1.0802034651014765],
[0.39614100969600347, 1.0738816104348385],
[0.394917118238942, 1.0822098968722387],
[0.4060897798422781, 1.076635779518077],
[0.4071158167586217, 1.0851327308718066],
[0.39523407113542675, 1.0787445716917503],
[0.41097724743973574, 1.082614783006967],
[0.3992515552158201, 1.0762461653610458],
[0.39807704880837297, 1.0845972264625154],
[0.4090288604261628, 1.0789567901839128],
[0.4100482784948792, 1.0874717908237184],
[0.3983530428669523, 1.0810403660546837],
[0.409498128460923, 1.075395202710611],
[0.4103329193952806, 1.083909780639175],
[0.3985948848839863, 1.0775261360438184],
[0.39751603035078437, 1.0858761996803734],
[0.4084101632466623, 1.0802461597396693],
[0.39651398918200387, 1.0739221024836831],
[0.39528128815683145, 1.0822526407039106],
[0.4064414686379458, 1.076670912081893],
[0.40745525155631485, 1.085169789868075],
[0.39559146135802997, 1.078779862643164],
[0.4113180248168713, 1.0826484544362975],
[0.39961021659339346, 1.0762778586487358],
[0.39842684437717873, 1.0846310301153117],
[0.40936772095784385, 1.078983483587725],
[0.41037523128508663, 1.0875003065922533],
[0.39869669438664196, 1.081067300264068],
[0.409830783679216, 1.0754150626010777],
[0.4106539678405739, 1.0839315162560426],
[0.3989325538392624, 1.0775462268505234],
[0.3978444946161435, 1.0858982093554232],
[0.40872908809710495, 1.0802615166881788],
[0.3968498453577742, 1.0739357935741034],
[0.3956078497160991, 1.0822683154511077],
[0.40675817724529517, 1.0766797856812007],
[0.40775988608713254, 1.0851803780371856],
[0.3959118011229887, 1.0787891759413808],
[0.41162425846632955, 1.0826557553544642],
[0.39993213748120954, 1.0762836874124728],
[0.3987395118324921, 1.084638711642999],
[0.4096718969432575, 1.078984834305749],
[0.41066772402840346, 1.08750327414364],
